           1   0.0000000000000000        0.0000000000000000     
           2   0.0000000000000000        0.0000000000000000     
           3   0.0000000000000000        0.0000000000000000     
           4   0.0000000000000000        0.0000000000000000     
           5   0.0000000000000000        0.0000000000000000     
           6   0.0000000000000000        0.0000000000000000     
           7   0.0000000000000000        0.0000000000000000     
           8   0.0000000000000000        0.0000000000000000     
           9   0.0000000000000000        0.0000000000000000     
          10   0.0000000000000000        0.0000000000000000     
          11   0.0000000000000000        0.0000000000000000     
          12   0.0000000000000000        0.0000000000000000     
          13   0.0000000000000000        0.0000000000000000     
          14   0.0000000000000000        0.0000000000000000     
          15   0.0000000000000000        0.0000000000000000     
           1  0.10000000149011612        0.0000000000000000     
           2  0.10000000149011612        0.0000000000000000     
           3  0.10000000149011612        0.0000000000000000     
           4  0.10000000149011612        0.0000000000000000     
           5  0.10000000149011612        5.0000000745058060E-002
           6  0.10000000149011612        5.0000000745058060E-002
           7  0.10000000149011612        0.0000000000000000     
           8  0.10000000149011612        5.0000000745058060E-002
           9  0.10000000149011612        0.0000000000000000     
          10  0.10000000149011612        0.0000000000000000     
          11  0.10000000149011612        0.0000000000000000     
          12  0.10000000149011612        0.0000000000000000     
          13  0.10000000149011612        0.0000000000000000     
          14  0.10000000149011612        0.0000000000000000     
          15  0.10000000149011612        0.0000000000000000     
           1  0.20000000298023224        0.0000000000000000     
           2  0.20000000298023224        0.0000000000000000     
           3  0.20000000298023224       0.20000000298023224     
           4  0.20000000298023224        5.0000000745058060E-002
           5  0.20000000298023224       0.10000000149011612     
           6  0.20000000298023224        0.0000000000000000     
           7  0.20000000298023224        0.0000000000000000     
           8  0.20000000298023224        0.0000000000000000     
           9  0.20000000298023224        0.0000000000000000     
          10  0.20000000298023224        5.0000000745058060E-002
          11  0.20000000298023224        0.0000000000000000     
          12  0.20000000298023224        5.0000000745058060E-002
          13  0.20000000298023224        5.0000000745058060E-002
          14  0.20000000298023224        0.0000000000000000     
          15  0.20000000298023224        0.0000000000000000     
           1  0.30000001192092896        0.0000000000000000     
           2  0.30000001192092896       0.50000000000000000     
           3  0.30000001192092896        0.0000000000000000     
           4  0.30000001192092896        0.0000000000000000     
           5  0.30000001192092896        5.0000000745058060E-002
           6  0.30000001192092896        5.0000000745058060E-002
           7  0.30000001192092896        0.0000000000000000     
           8  0.30000001192092896        0.0000000000000000     
           9  0.30000001192092896        5.0000000745058060E-002
          10  0.30000001192092896        5.0000000745058060E-002
          11  0.30000001192092896        5.0000000745058060E-002
          12  0.30000001192092896        5.0000000745058060E-002
          13  0.30000001192092896        5.0000000745058060E-002
          14  0.30000001192092896        5.0000000745058060E-002
          15  0.30000001192092896        5.0000000745058060E-002
           1  0.40000000596046448        0.0000000000000000     
           2  0.40000000596046448       0.34999999403953552     
           3  0.40000000596046448       0.10000000149011612     
           4  0.40000000596046448       0.20000000298023224     
           5  0.40000000596046448        5.0000000745058060E-002
           6  0.40000000596046448        0.0000000000000000     
           7  0.40000000596046448        5.0000000745058060E-002
           8  0.40000000596046448        5.0000000745058060E-002
           9  0.40000000596046448        5.0000000745058060E-002
          10  0.40000000596046448        0.0000000000000000     
          11  0.40000000596046448        0.0000000000000000     
          12  0.40000000596046448        0.0000000000000000     
          13  0.40000000596046448        5.0000000745058060E-002
          14  0.40000000596046448        0.0000000000000000     
          15  0.40000000596046448        0.0000000000000000     
           1  0.50000000000000000        1.0000000000000000     
           2  0.50000000000000000       0.20000000298023224     
           3  0.50000000000000000       0.40000000596046448     
           4  0.50000000000000000       0.20000000298023224     
           5  0.50000000000000000       0.20000000298023224     
           6  0.50000000000000000       0.15000000596046448     
           7  0.50000000000000000        0.0000000000000000     
           8  0.50000000000000000        5.0000000745058060E-002
           9  0.50000000000000000       0.10000000149011612     
          10  0.50000000000000000        0.0000000000000000     
          11  0.50000000000000000        0.0000000000000000     
          12  0.50000000000000000        0.0000000000000000     
          13  0.50000000000000000        5.0000000745058060E-002
          14  0.50000000000000000        5.0000000745058060E-002
          15  0.50000000000000000        0.0000000000000000     
           1  0.60000002384185791        1.0000000000000000     
           2  0.60000002384185791       0.25000000000000000     
           3  0.60000002384185791       0.34999999403953552     
           4  0.60000002384185791       0.10000000149011612     
           5  0.60000002384185791        5.0000000745058060E-002
           6  0.60000002384185791        5.0000000745058060E-002
           7  0.60000002384185791       0.15000000596046448     
           8  0.60000002384185791        0.0000000000000000     
           9  0.60000002384185791       0.10000000149011612     
          10  0.60000002384185791       0.30000001192092896     
          11  0.60000002384185791       0.10000000149011612     
          12  0.60000002384185791       0.10000000149011612     
          13  0.60000002384185791        0.0000000000000000     
          14  0.60000002384185791        5.0000000745058060E-002
          15  0.60000002384185791       0.10000000149011612     
           1  0.69999998807907104        1.0000000000000000     
           2  0.69999998807907104       0.44999998807907104     
           3  0.69999998807907104       0.20000000298023224     
           4  0.69999998807907104       0.25000000000000000     
           5  0.69999998807907104       0.15000000596046448     
           6  0.69999998807907104       0.15000000596046448     
           7  0.69999998807907104        5.0000000745058060E-002
           8  0.69999998807907104        0.0000000000000000     
           9  0.69999998807907104       0.10000000149011612     
          10  0.69999998807907104        5.0000000745058060E-002
          11  0.69999998807907104        5.0000000745058060E-002
          12  0.69999998807907104        0.0000000000000000     
          13  0.69999998807907104        0.0000000000000000     
          14  0.69999998807907104        0.0000000000000000     
          15  0.69999998807907104       0.10000000149011612     
           1  0.80000001192092896        1.0000000000000000     
           2  0.80000001192092896       0.50000000000000000     
           3  0.80000001192092896       0.30000001192092896     
           4  0.80000001192092896       0.10000000149011612     
           5  0.80000001192092896       0.20000000298023224     
           6  0.80000001192092896       0.15000000596046448     
           7  0.80000001192092896       0.10000000149011612     
           8  0.80000001192092896       0.20000000298023224     
           9  0.80000001192092896       0.10000000149011612     
          10  0.80000001192092896       0.25000000000000000     
          11  0.80000001192092896        5.0000000745058060E-002
          12  0.80000001192092896       0.10000000149011612     
          13  0.80000001192092896       0.10000000149011612     
          14  0.80000001192092896        5.0000000745058060E-002
          15  0.80000001192092896        0.0000000000000000     
           1  0.89999997615814209        1.0000000000000000     
           2  0.89999997615814209       0.55000001192092896     
           3  0.89999997615814209       0.34999999403953552     
           4  0.89999997615814209       0.20000000298023224     
           5  0.89999997615814209       0.20000000298023224     
           6  0.89999997615814209       0.25000000000000000     
           7  0.89999997615814209       0.15000000596046448     
           8  0.89999997615814209       0.10000000149011612     
           9  0.89999997615814209        5.0000000745058060E-002
          10  0.89999997615814209       0.10000000149011612     
          11  0.89999997615814209       0.15000000596046448     
          12  0.89999997615814209        0.0000000000000000     
          13  0.89999997615814209        5.0000000745058060E-002
          14  0.89999997615814209        5.0000000745058060E-002
          15  0.89999997615814209       0.10000000149011612     
           1   1.0000000000000000        1.0000000000000000     
           2   1.0000000000000000       0.55000001192092896     
           3   1.0000000000000000       0.25000000000000000     
           4   1.0000000000000000       0.40000000596046448     
           5   1.0000000000000000        5.0000000745058060E-002
           6   1.0000000000000000       0.10000000149011612     
           7   1.0000000000000000       0.25000000000000000     
           8   1.0000000000000000        5.0000000745058060E-002
           9   1.0000000000000000        5.0000000745058060E-002
          10   1.0000000000000000       0.10000000149011612     
          11   1.0000000000000000        5.0000000745058060E-002
          12   1.0000000000000000        5.0000000745058060E-002
          13   1.0000000000000000        5.0000000745058060E-002
          14   1.0000000000000000        5.0000000745058060E-002
          15   1.0000000000000000        0.0000000000000000     
